1953
1945
1957
1952
1963
1953
1980
1968
1947
1966
1979
1974
1972
1971
1962
1975
1982
1963
1985
1979
1958
1961
1960
1967
1964
1976
1982
1960
1960
1947
1981
1956
1950
1965
1985
1955
1965
1989
1949
1954
1976
1948
1976
1957
1992
1996
1995
1969
1991
1983
1954
1970
1966
1950
1973
2000
1952
1994
1980
1977
1962
1962
1945
1958
1997
1986
1975
1999
1983
1981
1983
1970
1961
1968
1955
1974
1958
1957
1949
1965
1971
1978
1959
1956
1964
1984
1969
1959
1981
1951
1970
1966
1984
1982
1984
1956
1974
1987
1973
1998
1955
1969
1973
1959
1946
1968
1975
1978
1985
1972
1978
1988
1967
1972
1967
1946
1977
1993
1951
1961
1971
1979
1990
1948
1980
1977
1964
1963
